Yuumi: 0.8947368421052632
Varus: 0.8888888888888888
Zilean: 0.8125
Zeri: 0.8
Volibear: 0.8
Rell: 0.8
Pantheon: 0.8
Rakan: 0.7777777777777778
Nautilus: 0.7692307692307693
Ziggs: 0.75
Taric: 0.75
Soraka: 0.75
Sion: 0.7272727272727273
Milio: 0.7272727272727273
Shyvana: 0.7142857142857143
Leona: 0.7142857142857143
Sona: 0.7
Galio: 0.7
Fiora: 0.7
Zyra: 0.6923076923076923
Yorick: 0.6923076923076923
Teemo: 0.6923076923076923
Neeko: 0.6923076923076923
Udyr: 0.6875
Wukong: 0.6666666666666666
Viktor: 0.6666666666666666
Twisted Fate: 0.6666666666666666
Tristana: 0.6666666666666666
Rengar: 0.6666666666666666
Nilah: 0.6666666666666666
Nasus: 0.6666666666666666
Morgana: 0.6666666666666666
Yasuo: 0.6470588235294118
Vel'Koz: 0.6428571428571429
Swain: 0.6428571428571429
Quinn: 0.6428571428571429
Vayne: 0.6363636363636364
Xerath: 0.625
Trundle: 0.625
Shaco: 0.625
Samira: 0.625
K'Sante: 0.625
Garen: 0.625
Blitzcrank: 0.625
Zac: 0.6153846153846154
Talon: 0.6153846153846154
Miss Fortune: 0.6153846153846154
Lucian: 0.6153846153846154
Xin Zhao: 0.6
Thresh: 0.5882352941176471
Sivir: 0.5833333333333334
Nocturne: 0.5833333333333334
Lux: 0.5833333333333334
Kog'Maw: 0.5833333333333334
Karthus: 0.5833333333333334
Viego: 0.5789473684210527
Zed: 0.5714285714285714
Tryndamere: 0.5714285714285714
Orianna: 0.5714285714285714
Lulu: 0.5714285714285714
Kennen: 0.5714285714285714
Gangplank: 0.5714285714285714
Fiddlesticks: 0.5714285714285714
Heimerdinger: 0.5625
Kha'Zix: 0.5555555555555556
Elise: 0.5555555555555556
Vex: 0.5454545454545454
Seraphine: 0.5454545454545454
Vi: 0.5384615384615384
Malphite: 0.5384615384615384
Zoe: 0.5333333333333333
Sejuani: 0.5333333333333333
Rammus: 0.5333333333333333
Graves: 0.5294117647058824
Nunu & Willump: 0.5263157894736842
Xayah: 0.5
Vladimir: 0.5
Tahm Kench: 0.5
Syndra: 0.5
Sylas: 0.5
Shen: 0.5
Renekton: 0.5
LeBlanc: 0.5
Kled: 0.5
Kai'Sa: 0.5
Jhin: 0.5
Jarvan IV: 0.5
Janna: 0.5
Gwen: 0.5
Caitlyn: 0.5
Akali: 0.5
Singed: 0.47058823529411764
Riven: 0.4666666666666667
Pyke: 0.4666666666666667
Karma: 0.4666666666666667
Hecarim: 0.4666666666666667
Diana: 0.4666666666666667
Nami: 0.46153846153846156
Kassadin: 0.46153846153846156
Ekko: 0.46153846153846156
Warwick: 0.45454545454545453
Twitch: 0.45454545454545453
Kayle: 0.45454545454545453
Dr. Mundo: 0.45454545454545453
Veigar: 0.4444444444444444
Qiyana: 0.4444444444444444
Lissandra: 0.4444444444444444
Cho'Gath: 0.4444444444444444
Rek'Sai: 0.42857142857142855
Maokai: 0.42857142857142855
Brand: 0.42857142857142855
Bel'Veth: 0.42857142857142855
Azir: 0.42857142857142855
Rumble: 0.4166666666666667
Renata Glasc: 0.4166666666666667
Jax: 0.4166666666666667
Ornn: 0.4
Master Yi: 0.4
Lee Sin: 0.4
Ivern: 0.4
Mordekaiser: 0.38461538461538464
Illaoi: 0.38461538461538464
Darius: 0.38461538461538464
Kalista: 0.38095238095238093
Aurelion Sol: 0.375
Skarner: 0.36363636363636365
Bard: 0.36363636363636365
Ashe: 0.36363636363636365
Ryze: 0.35714285714285715
Kayn: 0.35714285714285715
Fizz: 0.35714285714285715
Lillia: 0.35294117647058826
Olaf: 0.3333333333333333
Jinx: 0.3333333333333333
Jayce: 0.3333333333333333
Camille: 0.3333333333333333
Yone: 0.3125
Urgot: 0.3
Gnar: 0.3
Braum: 0.3
Annie: 0.3
Senna: 0.2857142857142857
Katarina: 0.2727272727272727
Ahri: 0.26666666666666666
Sett: 0.25
Kindred: 0.25
Irelia: 0.25
Gragas: 0.25
Evelynn: 0.25
Draven: 0.25
Amumu: 0.23529411764705882
Akshan: 0.23529411764705882
Nidalee: 0.23076923076923078
Poppy: 0.2222222222222222
Corki: 0.2
Ezreal: 0.18181818181818182
Taliyah: 0.16666666666666666
Aatrox: 0.125
Malzahar: 0.1111111111111111
Aphelios: 0.1111111111111111
Anivia: 0.1111111111111111
Alistar: 0.1111111111111111
Cassiopeia: 0.0
